K-WAY MERGE TRACE TABLE

Step    Removed    Heap After Operation
------------------------------------------------
0       -          [10, 20, 15]
1       10         [15, 20, 30]
2       15         [20, 35, 30]
3       20         [30, 35, 40]
4       30         [35, 40, 50]
5       35         [40, 55, 50]
6       40         [50, 55, 60]
7       50         [55, 60, 70]
8       55         [60, 75, 70]
9       60         [70, 75, 80]
10      70         [75, 80]
11      75         [80]
12      80         []

FINAL OUTPUT

10 15 20 30 35 40 50 55 60 70 75 80


PAIRWISE MERGE TRACE

Step 1:
L1 + L2

10 30 50 70
20 40 60 80

Result:
10 20 30 40 50 60 70 80


Step 2:
Previous Result + L3

10 20 30 40 50 60 70 80
15 35 55 75

Final:
10 15 20 30 35 40 50 55 60 70 75 80
